000000000000000000000000000000000000
000000000000000000000000000000000000
000111111111000000011111000000000000
001111111111111111111111101111111100
001111111111111111111111111111111100
001111111111111111111111111111111100
011111111111111111111111111111111100
011111111111111111111111111111111100
011111111111111111111111111111111100
011111111111111111111111111111111000
011111111111111111111111111111111000
011111111111111111111111111111111000
000111111111111111111111111111111100
001111111111111111111111111111111100
001111111111111111111111111111111100
001111111111111111111111111111111100
001111111111111111111111111111111100
001111111111111111111111111111111100
001111111111111111111111111111111000
000011111111111111111111111111110000
000000000000000000000000000000000000
000000000000000000000000000000000000
000000000000000000000000000000000000
