555555555555555555555555555555555555
533333333333333333333333333333333335
533333555333333333335553333333333335
533335545533333333335453333333333335
533355454553333333335453333333555335
533554555455555533335453333335545335
535545535544444533335453333355455335
555455333555555533335453333554553335
554555555555555553335453335545533335
554444444444444455335453355455333335
555555555555555565535453556553333335
533333333333333554555455545533333335
533333333333333355455455455333333335
533333333333333335545454553333333335
535555555555555555556665555555555335
535444444444444444446464444444445335
535555555555555555555455555555555335
533333333333333333335453333333333335
533333333333333333335453333333333335
533333333333333333335453333333333335
533333333333333333335453333333333335
533333333333333333335453333333333335
555555555555555555555655555555555555
