311111111111111111111111111111111133
324222222222444444422222444444444221
122242222242222222224242242222222241
122224242422222222244444222422222221
124242424242444442244444222242444221
122424242424444442244444242424244221
324242222244444442244444224242424221
342424222422222422224442242424242421
324222242222222242424442424242422221
324444444444444424224442242424242241
344444444444444242422422424242424241
322444444444422424242424242424222241
142222222222224242422422424242222221
122222222222222224242424242222444421
124444444444444422224442222444444221
122444444444444444444444444444444221
124444444444444444442424444444444221
124444444444444444422422444444444221
122244444444444442224442224444442241
144222222222222222444444422222222441
142222222222222222244444222222222221
122444444444444444224442244444444423
331111111111111111132123111111111113
