000000000000000000000000000000000000
000000000000000000000000000000000000
000000111000000000001110000000000000
000001111100000000001110000000000000
000011111110000000001110000000111000
000111111111111100001110000001111000
001111101111111100001110000011111000
011111000111111100001110000111110000
011111111111111110001110001111100000
011111111111111111001110011111000000
001111111111111111101110111110000000
000000000000000111111111111100000000
000000000000000011111111111000000000
000000000000000001111111110000000000
001111111111111111112221111111111000
001111111111111111112221111111111000
001111111111111111112221111111111000
000000000000000000002220000000000000
000000000000000000002220000000000000
000000000000000000002220000000000000
000000000000000000002220000000000000
000000000000000000000000000000000000
000000000000000000000000000000000000
