000000000000000000000000001111111111
000000000000000000000000111111111111
000001111111000000011111111111111111
000011111111100000111111111111111111
000011111111111111111111111111111110
000011111111111111111111111111111110
000111111111111111111111111111111100
001111111111111111111111111111111111
111111111111111111111111111111111111
111111111111111111111111111111111111
111111111111111111111111111111111111
011111111111111111111111111111111110
001111111111111111111111111111111110
000111111111111111111111111111111110
000011111111111111111111111111111110
000011111111111111111111111111111110
000001111111111111111111111111111110
000011111111111111111111111111111110
000001111111111111111111111111111110
000001111111111111111111110001111100
000000111111111111111111100000001000
000000000000000000011111000000000000
000000000000000000000000000000000000
