000000000000000000000000000000000000
000000000000000000000000000100000100
000000000000000000000000001010000010
000000000000000000000000001001000100
000000001000000000000100001000101000
000000001000000000000100000000010000
000000001000000000000100000000100000
000000001000000000000100000001000000
000000000100000010000100000010000000
001111111111111100000100000100000010
000000000000000010000100001000000100
000000000000000001000100011111111100
000000000000000000100100100000000100
000000000000000000011101000000000100
000000000000000000000110000000000100
000000000011111111110100000000000100
000000000000000000001100000000000100
000000001000000000000100000000000100
000000000111111111111100000000000000
000000000000000000000100000000000000
000000000000000000000100000000000000
000000000000000000000100000000000000
000000000000000000000100000000000000
