000000000000000000000000001110001110
000000000000000000000000011111001111
000000000000000000000000011111101111
000000011100000000001110011111111111
000000011100000000001110011111222110
000000011100000000001110011102222100
000000011100000000001110000022222000
000000011110000111001110000222220000
011111112222222221001110002222200111
011111112222222222001110022222001111
011111112222222222201110333222222221
000000000000000222221113333222222220
000000000000000022222233333222222220
000000000000000002222333330000001110
000000000111111111223333300000001110
000000000111111111113333000000001110
000000011111111111113330000000001110
000000011111111111113330000000001110
000000011111111111113330000000001110
000000001111111111113330000000000000
000000000000000000003330000000000000
000000000000000000003330000000000000
000000000000000000003330000000000000
