000000000000000000000000001111111111
000000000000000000000000111211122221
000001111111000000011111122211111221
000011222221100000112221122221111211
000011222222111111112221122111111110
000011122221111221112221121111111110
000111112211111122112221111112111100
001121111111111112112221111121111111
111222111111221111112221112221112221
122222221112221111111211111111111121
112222221122221122111211111111111111
011222221122111122211111211112221110
001121111111111112211111211222211110
000111111111111111111111211122111110
000011112222222111111111211111111210
000011111222222222211111121111112210
000001111111111111111111112111122210
000011211111111111111111111111222210
000001222222222222211111111111222110
000001122222222222111122110001111100
000000111111111111111221100000001000
000000000000000000011111000000000000
000000000000000000000000000000000000
