122222222222222222222222222222222223
422222222222222222222222222222222266
442698987874222222269874222222222666
448989874787888887666844426989888766
449898741478888874666844489898987466
448987412148888744666844498989874466
489874123214444444666844489898741466
498741486322222147866844898987414166
469888888888888878766844989874141266
466666666666666987866844898741414666
432222222222222698786848987414141666
422222222222222369876849874141412666
444222222222263636986848741414888866
448888888888888863698887414888888766
449888888888888888869874888888887466
446666666666666666666844444444444466
443222222222222222226842222222221466
442222222222222222226842222222222166
442222222222222222266844222222222666
444422222222222226666844442222226666
444888888888888888666844488888888866
448888888888888888866844888888888886
788888888888888888886848888888888889
