000000000000000000000000000000000000
000000000000000000000000000000000000
000000000000000000000000000000000000
000000010000000000000100000000000000
000000101000000000000100000000000000
000001000100000000000100000000010000
000010000011111000000100000000100000
000100000000000000000100000001000000
001000000000000000000100000010000000
000111111111111100000100000100000000
000000000000000010000100001000000000
000000000000000001000100010000000000
000000000000000000100100100000000000
000000000000000000010101000000000000
000000000000000000001110000000000000
000111111111111111111211111111110000
000000000000000000000200000000000000
000000000000000000000200000000000000
000000000000000000000200000000000000
000000000000000000000200000000000000
000000000000000000000000000000000000
000000000000000000000000000000000000
000000000000000000000000000000000000
