000000000000000000000000000000000000
000000000000000000000000000000000000
000111111111000000011111000000000000
001121111121111111111111101111111100
001211111112211221111111111211111100
001111111111111121121112112221111100
011111121111111111111111112211111100
011111222111111111111111112111111100
011111111111111111111111121111121100
011111111111111111111111111111221000
011111111111111111111111111112221000
011122222222222111111111111121111000
000111111111111111111111111111111100
001111111111111111111111111111112100
001111111111111111111111111111111100
001111111111111111111111111111111100
001111111111111111111111111111111100
001112222222222222111111122222111100
001112222222222211111111111222111000
000011111111111111111111111111110000
000000000000000000000000000000000000
000000000000000000000000000000000000
000000000000000000000000000000000000
