000000000000000000000000000000000000
000000000000000000000000000000000000
000111111111000000011111000000000000
001122222221111111112221101111111100
001222222222222221122222111222222100
001222222222222221122222112222222100
011222222222222221112221112222222100
012222222222222221112221112222222100
012222222222222222112221122222221100
012222222222222222111211122222221000
012222222222222222111211122222221000
011122222222222222211211222221111000
000111111111111112211111221111111100
001111111111111111111111111111122100
001222222222222111111111111122222100
001222222222222222111111122222222100
001222222222222222211111222222222100
001222222222222222111211122222221100
001112222222222211111211111222211000
000011111111111111111111111111110000
000000000000000000000000000000000000
000000000000000000000000000000000000
000000000000000000000000000000000000
