555555555555555555555555555555555555
533333333333333333333333355455444445
533333333333333333335553354545555545
533333355533333333335453354554555455
533333354533333333335453354555656555
533333354533333333335453355535545535
533333354533333333335453333355455335
533333354553333555335453333554555555
555555555655555545335453335545544445
544444446444444455335453355455555545
555555555555555565535453556555555655
533333333333333554555455546444444455
533333333333333355455455455555555655
533333333333333335544454553333335455
533333333555555555555445533333335455
533333333544444444445655333333335455
533333333555555555556453333333335455
533333335555555555555453333333335455
533333335444444444446453333333335555
533333335555555555555453333333333335
533333333333333333335453333333333335
533333333333333333335453333333333335
555555555555555555555655555555555555
