311111111111111111111111332222222222
324442222222444444422222242422444442
122422422242244444224242244242222242
142224444444222222244442244224222422
144224444444222222244442244222424243
144222444442244444224442244224242223
142242244424224444424442422242424221
122444224242442444224442222224222222
224444422424444244224442224242244442
244444444444444424224442242422222242
244444444444444242222422424222222422
324444444444422424242424244444444423
122444222222224242422422424444442423
142242244222222224244424242444422423
144222244444444422222442424244224423
144224424444444444442424242422244423
144422442422222222224442424242444423
144224444222222222222444242222444423
144222444444444444444444424224444423
144242444444444444422444422222444221
142242242222222222224444224442222241
122444222222222222224442244444442223
331111111111111111132123111111111113
