000000000000000000000000000000000000
000000000000000000000000000100000100
000000000000000000000000001010000010
000000000000000000000000001001000100
000000001000000000000100001000101000
000000001000000000000100000000020000
000000001000000000000100000000200000
000000001000000000000100000002000000
000000000100000010000100000020000000
001111111222222200000100000200000010
000000000000000020000100002000000100
000000000000000002000100032222222200
000000000000000000200100300000000100
000000000000000000022103000000000100
000000000000000000000230000000000100
000000000011111111110300000000000100
000000000000000000001300000000000100
000000001000000000000300000000000100
000000000111111111111300000000000000
000000000000000000000300000000000000
000000000000000000000300000000000000
000000000000000000000300000000000000
000000000000000000000000000000000000
