122222222222222222222222229879888887
422222222222222222222222696986666984
442226988874222222269874663698222874
444266698744422222666844662469878741
444466668444488888666844662436987416
444486668444798888866844632169874126
444888668447889888766844322698741466
448888869878888987466844298987488887
988888888888888874466844989874666984
666666666666666987466844898741322874
322222222222222698786848987488888841
422222222222222369876849874444444446
442222222222263636988848742222222246
444222669888888863669887412222226246
444429666988888888886874141222266246
444466966666666666696841414122666246
444446696322222222266844141416666246
444466669888888888886844414126666246
444486666666666666666844441466663216
444486663222222222226844448886632266
444888632222222222266844488888882666
448888888888888888866844888888888886
788888888888888888886848888888888889
